`DAAGxdb` <-
structure(list(fuel = c("year  carbon", "1800   8", "1850   54", 
"1900   534", "1950   1630", "2000   6611"), fuel.csv = c("year,carbon", 
"1800,8", "1850,54", "1900,534", "1950,1630", "2000,6611"), oneBadRow = c("10 9 17  # First of 7 lines", 
"11 13 1 6", "9 14 16", "12 15 14", "8 15 15", "9 13 12", "7 14 18"
), "scan-demo" = c("First of 4 lines", "a 2 3", "b 11 13", "c 9 7"
), molclock1 = c("Gpdh  Sod  Xdh AvRate  Myr", "\"Drosophila subgroups\"  1.50 25.7 30.4   22.4   55", 
"\"Drosophila subgenera\"  2.00 30.7 29.2   22.3   60", "\"Drosophial genera\"     4.40 34.9 31.7   24.9   65", 
"\"dipteran families\"     9.25 33.7 25.3   22.0  120", "\"mammalian orders\"     11.60 46.0 17.1   18.7   70", 
"\"animal phyla\"         13.20 19.2 19.2   17.5  600", "fungi                40.00 24.9 13.7   21.4  300", 
"kingdoms             13.00 12.6 11.5   11.9 1100"), molclock2 = c("'Level of variation' Gpdh  Sod  Xdh AvRate  Myr", 
"\"Drosophila subgroups\"  1.50 25.7 30.4   22.4   55", "\"Drosophila subgenera\"  2.00 30.7 29.2   22.3   60", 
"\"Drosophial genera\"     4.40 34.9 31.7   24.9   65", "\"dipteran families\"     9.25 33.7 25.3   22.0  120", 
"\"mammalian orders\"     11.60 46.0 17.1   18.7   70", "\"animal phyla\"         13.20 19.2 19.2   17.5  600", 
"fungi                40.00 24.9 13.7   21.4  300", "kingdoms             13.00 12.6 11.5   11.9 1100"
), travelbooks = c("\"thickness\" \"width\" \"height\" \"weight\" \"volume\" \"type\"", 
"\"Aird's Guide to Sydney\" 1.3 11.3 23.9 250 351 \"Guide\"", 
"\"Moon's Australia handbook\" 3.9 13.1 18.7 840 955 \"Guide\"", 
"\"Explore Australia Road Atlas\" 1.2 20 27.6 550 662 \"Roadmaps\"", 
"\"Australian Motoring Guide\" 2 21.1 28.5 1360 1203 \"Roadmaps\"", 
"\"Penguin Touring Atlas\" 0.6 25.8 36 640 557 \"Roadmaps\"", 
"\"Canberra - The Guide\" 1.5 13.1 23.4 420 460 \"Guide\"")), .Names = c("fuel", 
"fuel.csv", "oneBadRow", "scan-demo", "molclock1", "molclock2", 
"travelbooks"))
